4294967279,110
4294967279,109
4294967279,108
4294967279,120
4294967279,119
4294967279,118
4294967279,117
4294967279,116
4294967279,115
4294967279,114
4294967279,113
4294967279,112
4294967279,111
4294967279,277
4294967278,289
4294967279,263
4294967278,284
4294967279,262
4294967278,12
4294967278,11
4294967278,10
4294967278,9
4294967278,8
4294967278,7
4294967278,6
4294967278,5
4294967278,4
4294967279,130
4294967279,129
4294967279,128
4294967279,127
4294967279,126
4294967279,125
4294967279,124
4294967279,123
4294967279,122
4294967279,121
4294967279,281
4294967279,259
4294967279,258
4294967278,278
4294967294,30
4294967294,898
4294967279,257
4294967279,256
4294967278,261
4294967279,255
4294967279,274
4294967278,516
4294967279,335
4294967279,132
4294967278,515
4294967279,334
4294967279,131
4294967278,514
4294967279,333
4294967294,428
4294967294,388
4294967294,387
4294967278,513
4294967278,256
4294967279,332
4294967279,331
4294967278,512
4294967279,330
4294967279,329
4294967278,319
4294967279,328
4294967279,327
29,5
4294967278,318
29,4
4294967279,326
29,3
29,2
29,1
4294967279,325
4294967278,254
4294967278,253
28,5
4294967278,250
28,4
28,3
28,2
28,1
4294967279,324
4294967278,248
4294967278,246
4294967278,244
4294967278,242
4294967278,241
4294967278,240
4294967278,238
4294967278,237
26,4
26,3
26,2
26,1
4294967279,323
4294967278,236
4294967278,17
4294967278,16
4294967278,15
4294967278,14
4294967278,13
4294967278,234
4294967278,233
4294967278,231
4294967278,227
4294967278,226
4294967278,229
4294967278,22
4294967278,21
4294967278,20
4294967278,19
4294967278,18
4294967278,225
4294967278,36
4294967278,35
4294967278,34
4294967278,33
4294967278,32
4294967278,31
4294967278,30
4294967278,29
4294967278,28
4294967278,27
4294967278,26
4294967278,25
4294967278,24
4294967278,23
4294967279,29
4294967279,28
4294967279,27
4294967279,26
4294967279,25
4294967279,24
4294967279,23
4294967279,22
4294967279,20
4294967279,17
4294967279,15
4294967279,14
4294967279,13
4294967279,12
4294967279,10
4294967278,222
25,5
4294967278,220
25,4
25,3
25,2
25,1
4294967278,218
4294967278,216
4294967278,214
4294967279,322
4294967278,213
4294967279,321
4294967278,317
4294967278,211
4294967279,320
4294967294,390
4294967294,389
4294967294,115
4294967279,319
4294967278,316
4294967279,318
4294967278,207
4294967278,206
24,5
24,4
4294967278,205
24,3
24,2
24,1
4294967278,315
4294967278,204
4294967294,76
4294967278,203
4294967278,202
23,4
23,3
23,2
23,1
4294967279,317
4294967278,201
0,7
4294967294,170
4294967294,162
4294967294,176
4294967294,185
4294967294,46
4294967278,200
4294967294,468
4294967294,1
4294967294,2
4294967294,904
4294967294,0
4294967294,905
4294967294,186
4294967294,439
4294967294,36
4294967294,37
4294967279,316
4294967294,69
4294967278,314
4294967279,315
4294967278,313
4294967279,314
4294967294,107
4294967294,91
4294967294,90
4294967294,87
4294967294,86
4294967294,85
4294967294,84
4294967294,951
4294967294,419
4294967294,950
4294967294,29
4294967294,921
4294967294,28
4294967294,53
4294967294,52
4294967294,393
4294967294,45
4294967294,44
4294967294,42
4294967294,40
4294967294,39
4294967294,38
4294967294,424
4294967294,51
4294967294,96
4294967294,89
4294967294,94
4294967278,312
4294967294,9
4294967278,196
4294967294,8
4294967278,311
4294967278,260
4294967278,0
4294967279,313
4294967279,260
4294967279,0
4294967294,61
4294967294,31
4294967294,127
4294967294,19
4294967294,81
4294967294,1414
4294967294,83
4294967294,92
4294967294,88
4294967294,22
4294967278,195
4294967294,7
4294967294,17
4294967294,99
4294967294,915
4294967294,26
4294967294,469
4294967294,15
4294967294,93
4294967294,95
4294967294,41
4294967278,194
4294967294,50
4294967294,43
4294967294,417
4294967294,470
4294967294,25
4294967294,920
4294967294,27
4294967294,970
4294967294,11
4294967278,132
4294967278,131
4294967278,130
4294967278,129
4294967278,128
4294967278,127
4294967278,126
4294967278,125
4294967278,124
4294967278,123
4294967278,122
4294967278,121
4294967278,120
4294967278,119
4294967278,118
4294967278,117
4294967278,116
